2 0.55 0.509 0.281 0.153
2 0.215 0.532 0.43 0.239
4 0.938 0.368 0.007 0.022
4 0.907 0.416 0.007 0.012
4 0.878 0.396 0.006 0.007
4 0.189 0.195 0.02 0.049
4 0.868 0.391 0.008 0.021
4 0.968 0.424 0.004 0.008
0 0.321 0.317 0.31 0.575
0 0.595 0.501 0.054 0.321
0 0.635 0.511 0.052 0.304
0 0.725 0.509 0.071 0.311
0 0.815 0.511 0.111 0.434
0 0.214 0.512 0.075 0.312
0 0.373 0.474 0.03 0.071
0 0.301 0.544 0.062 0.218
0 0.412 0.472 0.026 0.094
2 0.876 0.461 0.057 0.064
2 0.918 0.475 0.036 0.054
2 0.946 0.472 0.022 0.031
4 0.977 0.428 0.007 0.018
4 0.962 0.434 0.009 0.012
0 0.041 0.509 0.05 0.318
4 0.847 0.363 0.008 0.013
4 0.935 0.394 0.007 0.022
4 0.816 0.195 0.054 0.074
2 0.981 0.476 0.031 0.042
4 0.911 0.431 0.007 0.01
4 0.523 0.281 0.725 0.242
