5 0.488 0.545 0.012 0.011
5 0.587 0.361 0.012 0.018
5 0.356 0.651 0.014 0.011
5 0.551 0.474 0.014 0.011
5 0.315 0.706 0.011 0.01
5 0.278 0.724 0.007 0.008
5 0.265 0.712 0.014 0.012
5 0.33 0.629 0.013 0.013
5 0.592 0.507 0.013 0.013
5 0.552 0.415 0.013 0.015
5 0.24 0.593 0.011 0.018
5 0.278 0.559 0.015 0.017
5 0.511 0.464 0.016 0.014
5 0.424 0.422 0.01 0.009
5 0.457 0.591 0.012 0.014
5 0.574 0.305 0.016 0.018
5 0.468 0.314 0.015 0.011
5 0.303 0.773 0.013 0.012
5 0.36 0.628 0.008 0.008
5 0.443 0.55 0.011 0.014
5 0.462 0.574 0.014 0.014
5 0.286 0.612 0.014 0.016
5 0.38 0.588 0.756 0.821
