1 0.647 0.922 0.149 0.157
0 0.486 0.817 0.017 0.061
0 0.394 0.817 0.012 0.063
0 0.376 0.818 0.01 0.058
0 0.648 0.86 0.065 0.24
0 0.709 0.801 0.016 0.028
0 0.241 0.811 0.011 0.045
0 0.294 0.817 0.014 0.035
3 0.937 0.78 0.125 0.131
3 0.865 0.792 0.059 0.089
4 0.253 0.714 0.014 0.073
4 0.486 0.747 0.02 0.034
0 0.205 0.821 0.014 0.081
0 0.147 0.826 0.026 0.078
4 0.501 0.75 0.008 0.021
4 0.341 0.747 0.018 0.031
0 0.402 0.816 0.012 0.061
0 0.222 0.824 0.031 0.075
0 0.694 0.816 0.009 0.046
0 0.44 0.818 0.012 0.065
0 0.439 0.827 0.812 0.094
