0 0.516 0.613 0.673 0.774
0 0.755 0.285 0.046 0.186
0 0.698 0.283 0.05 0.2
0 0.649 0.31 0.045 0.132
0 0.594 0.243 0.032 0.078
0 0.568 0.223 0.027 0.06
0 0.027 0.228 0.012 0.043
0 0.542 0.22 0.022 0.023
5 0.049 0.363 0.013 0.023
5 0.021 0.359 0.016 0.016
0 0.073 0.296 0.05 0.113
0 0.622 0.266 0.032 0.123
5 0.33 0.347 0.013 0.012
5 0.32 0.338 0.011 0.015
5 0.074 0.378 0.024 0.016
5 0.012 0.376 0.011 0.017
5 0.31 0.352 0.016 0.015
5 0.356 0.347 0.011 0.012
5 0.303 0.331 0.009 0.015
5 0.065 0.375 0.014 0.015
5 0.106 0.363 0.004 0.008
5 0.367 0.334 0.01 0.017
5 0.349 0.338 0.012 0.012
