bicycle 0.39 23 167 126 256
bicycle 0.36 82 197 166 296
bicycle 0.27 92 231 158 326
bicycle 0.43 97 264 156 360
bicycle 0.26 174 203 271 285
bird 0.25 178 47 204 63
bicycle 0.44 178 142 265 225
bicycle 0.37 205 279 412 382
bicycle 0.25 212 186 556 214
bicycle 0.39 230 156 532 181
bicycle 0.42 235 224 532 278
bicycle 0.3 236 252 381 298
bicycle 0.28 239 273 380 345
bicycle 0.57 253 199 485 217
bicycle 0.95 253 165 473 183
bicycle 0.67 274 231 452 252
bicycle 0.49 286 141 434 176
bird 0.35 434 62 448 77
bird 0.47 439 62 457 78
bicycle 0.51 511 133 600 217
bicycle 0.63 515 175 613 252
bicycle 0.72 516 213 605 272
bicycle 0.28 533 235 628 297
bicycle 0.42 557 170 628 256
bicycle 0.7 558 331 633 420
