person 0.72 -2 25 45 88
person 0.92 -2 53 48 137
person 0.26 19 -6 610 105
person 0.45 68 2 108 40
person 0.57 87 10 150 100
person 0.62 87 1 148 39
person 0.37 136 -2 176 38
person 0.27 160 34 264 118
person 0.62 180 0 227 39
person 0.95 183 20 232 137
person 0.99 186 57 483 390
person 0.77 211 2 261 42
person 0.56 212 16 252 65
person 0.26 228 -1 272 32
person 0.63 245 37 280 69
person 0.54 260 3 304 42
person 0.76 271 48 314 110
person 0.73 271 26 302 67
person 0.86 375 32 410 71
person 0.96 425 17 471 68
person 0.3 456 0 507 36
person 0.65 586 62 639 219
person 0.97 588 23 639 80
