car 0.98 3 246 63 289
person 0.99 82 231 120 311
car 0.39 87 229 126 244
car 0.31 108 229 127 244
truck 0.91 147 34 458 66
truck 0.99 194 29 409 56
car 0.82 200 234 238 246
person 0.99 259 232 300 316
person 0.96 364 238 417 324
car 0.97 375 242 426 275
truck 0.25 414 58 481 70
car 0.51 433 257 456 293
car 0.95 460 241 539 297
person 0.83 463 234 516 335
car 0.4 484 233 530 277
person 0.33 484 233 530 277
person 0.65 494 53 508 73
person 0.73 495 227 522 272
car 0.86 520 245 568 287
car 0.91 566 231 635 257
truck 0.36 568 231 633 253
car 0.45 571 62 613 76
person 0.91 603 242 638 397
