person 0.99 2 289 40 358
person 0.99 77 228 146 431
bicycle 0.98 84 357 135 460
car 0.98 129 283 344 398
truck 0.78 148 270 332 412
person 0.99 159 259 192 320
traffic_light 0.66 307 241 323 268
car 0.99 310 292 452 405
traffic_light 0.4 324 243 336 268
car 1.0 329 311 426 383
car 1.0 367 284 448 365
car 0.9 459 303 507 345
truck 0.68 460 302 509 348
person 0.52 505 307 519 344
car 0.4 514 285 533 302
car 0.98 517 300 547 321
traffic_light 0.58 523 266 529 274
person 0.31 566 294 581 322
person 0.26 578 295 590 321
person 0.5 588 297 601 319
car 0.89 607 296 633 321
person 0.31 632 301 640 340
