person 0.45 -126 83 755 466
truck 0.77 -38 -3 250 226
person 0.58 -1 394 72 425
person 0.97 -1 125 78 289
person 0.29 1 394 43 427
person 0.8 3 236 65 403
person 0.56 27 254 147 379
person 0.56 34 315 93 415
person 0.99 45 331 122 429
person 0.99 49 137 123 302
person 0.82 84 372 152 424
person 0.47 102 265 148 347
person 0.99 126 296 185 364
person 0.87 129 265 200 334
person 1.0 151 358 213 420
person 0.96 193 279 263 403
person 0.73 200 370 280 423
person 0.82 236 264 385 414
person 0.93 257 320 375 424
person 0.99 324 77 428 290
person 0.98 349 281 429 392
person 0.85 405 321 472 426
person 0.81 435 390 514 425
person 0.99 455 273 513 389
person 0.84 487 338 552 411
person 0.89 506 382 584 423
person 0.99 517 291 560 347
person 0.39 531 344 567 386
person 0.55 549 303 580 356
person 0.94 559 351 633 418
person 0.9 586 388 638 427
person 0.95 606 309 642 390
