person 0.55 -70 3 497 164
person 0.87 -3 98 38 183
person 0.68 -1 8 15 83
person 0.64 1 0 23 35
person 0.98 1 48 49 121
person 0.97 13 5 71 74
person 0.98 38 97 102 188
person 0.99 52 44 103 122
person 0.99 62 203 291 509
person 0.94 68 10 111 66
person 0.68 74 21 360 118
person 0.99 98 52 148 122
person 1.0 99 112 146 200
person 0.94 100 10 155 68
person 1.0 143 110 197 209
person 0.94 150 4 201 55
person 0.99 195 5 249 87
person 1.0 219 203 269 297
person 1.0 244 54 301 170
person 0.98 245 0 295 79
person 0.99 291 3 344 90
person 1.0 310 103 360 209
person 0.89 340 4 391 88
person 0.27 345 2 393 32
person 0.99 348 99 421 206
person 0.33 367 4 405 33
person 0.85 384 5 426 86
person 0.27 414 2 428 86
