person 0.99 73 154 117 226
person 0.36 127 158 448 225
person 0.45 154 152 172 201
person 0.61 155 149 176 225
person 0.98 160 158 188 238
person 0.97 175 148 198 201
bicycle 0.33 194 176 208 195
bicycle 0.95 199 176 228 207
person 0.7 201 172 228 208
traffic_light 0.8 241 64 261 102
traffic_light 0.98 280 60 309 100
person 0.88 311 165 336 245
person 0.89 346 164 358 193
person 0.31 356 163 367 194
person 0.99 360 166 386 253
person 0.58 406 160 423 212
person 0.34 426 166 437 206
person 0.96 449 162 466 215
person 0.72 466 163 479 214
person 0.54 479 173 491 220
