truck 0.99 24 339 96 376
traffic_light 0.91 51 186 66 218
traffic_light 0.79 70 185 82 218
car 0.52 99 352 137 373
truck 0.67 104 352 133 374
truck 0.52 144 353 173 373
car 0.51 144 353 173 373
truck 0.54 173 351 189 370
car 0.31 196 359 205 366
traffic_light 0.56 204 208 216 238
car 0.58 208 360 221 366
car 0.56 221 359 235 365
car 0.27 237 359 250 366
car 0.38 242 359 254 365
traffic_light 0.55 263 325 269 333
traffic_light 0.87 269 186 281 227
traffic_light 0.3 272 343 281 352
traffic_light 0.45 275 327 282 334
traffic_light 0.88 291 196 305 235
truck 0.99 331 346 368 370
traffic_light 0.71 352 210 367 241
traffic_light 0.89 365 212 377 243
car 0.52 375 356 390 368
traffic_light 0.84 443 227 453 259
truck 0.98 457 342 505 376
traffic_light 0.85 476 238 487 269
traffic_light 0.92 508 245 521 275
car 0.46 530 355 544 363
car 0.26 552 355 571 364
car 0.54 573 338 642 378
truck 0.93 576 336 639 381
