person 0.43 1 84 28 119
person 0.52 2 27 35 62
person 0.33 7 33 32 74
person 0.31 13 43 34 80
person 0.89 19 53 55 101
person 0.27 25 66 57 113
person 0.28 29 4 56 40
person 0.72 32 83 62 118
person 0.35 36 21 66 52
person 0.96 45 41 79 80
person 0.34 61 2 91 40
person 0.44 65 93 93 114
person 0.44 72 20 100 61
person 0.52 90 -2 123 34
person 0.99 90 71 128 110
person 0.39 105 23 147 55
person 0.98 124 62 167 111
person 1.0 153 179 250 290
person 0.9 170 24 205 67
person 0.85 180 54 205 100
person 0.92 191 63 229 103
person 0.77 208 22 237 60
person 0.99 223 58 257 100
person 0.52 242 20 273 55
person 0.99 252 60 296 98
person 0.53 269 8 295 42
person 0.26 273 19 298 56
person 0.95 289 50 320 91
person 0.45 302 5 328 43
person 0.97 303 185 382 267
person 0.96 317 56 349 89
person 0.28 329 47 352 81
person 0.83 341 9 369 49
person 0.94 350 56 376 85
person 0.82 368 12 396 63
person 0.95 386 53 418 81
person 0.9 391 1 427 49
person 0.71 443 4 472 40
person 0.86 446 44 479 73
person 0.41 476 8 494 49
person 0.93 482 39 509 72
person 0.96 507 38 542 69
person 0.38 510 19 532 42
person 0.95 530 21 572 58
person 0.47 565 2 598 41
person 0.85 573 39 603 66
person 0.3 588 27 611 61
person 0.97 604 31 639 64
