person 0.83 -74 -9 696 356
person 0.85 -5 152 108 328
person 0.55 -1 48 22 152
person 0.39 0 16 26 134
person 0.94 2 6 89 142
person 0.99 36 125 95 224
person 0.97 50 1 110 61
person 0.93 58 156 143 273
person 0.99 82 22 148 119
person 0.98 107 2 202 65
person 0.98 115 65 161 138
person 0.91 127 175 235 341
person 0.89 128 8 186 55
person 0.89 146 78 315 149
dog 0.87 147 79 234 151
person 0.5 175 1 244 44
person 0.99 228 26 302 91
dog 0.99 230 3 293 43
person 0.93 246 247 358 351
person 0.9 302 190 426 309
person 0.75 371 3 437 28
person 0.72 415 278 592 349
person 0.31 451 0 493 18
person 0.95 481 184 598 345
person 0.86 584 126 639 357
