person 1.0 0 30 29 127
person 1.0 23 55 56 154
person 0.7 24 23 42 45
person 0.83 38 1 51 31
person 1.0 43 93 126 261
person 0.99 48 26 76 116
person 0.64 55 0 66 24
person 0.99 72 23 91 95
person 1.0 81 38 111 99
person 0.99 108 75 146 184
person 0.93 120 -1 134 27
person 0.99 127 10 156 84
person 0.77 145 1 160 35
person 0.37 152 2 174 43
person 0.98 155 21 184 87
person 0.91 173 16 205 68
person 0.98 176 24 233 141
person 0.32 183 -1 193 16
person 0.95 187 29 245 284
person 0.99 218 15 239 67
person 0.75 218 -1 241 35
