person 0.57 24 542 29 555
person 0.54 34 546 40 556
person 0.64 43 544 49 557
person 0.98 68 549 90 601
person 0.45 90 550 97 561
person 0.96 99 558 117 610
person 0.57 115 554 121 566
person 0.76 123 554 130 567
person 0.77 147 554 152 567
person 0.33 153 573 163 603
person 0.57 158 553 164 570
person 0.28 172 558 177 572
person 0.7 193 555 198 574
person 0.57 220 559 230 577
person 0.42 236 563 244 575
person 0.8 248 565 254 576
person 0.76 273 570 285 601
person 0.59 314 565 319 581
person 0.64 352 559 361 583
person 0.7 366 558 381 603
person 0.45 398 569 404 580
person 0.46 406 570 411 580
person 0.45 415 570 420 580
person 0.32 421 569 426 580
