person 0.72 -19 -5 648 98
person 0.8 -13 33 664 320
person 0.85 0 14 31 60
person 0.41 0 -1 16 34
person 0.94 3 37 47 83
person 0.94 31 10 72 51
person 0.99 40 38 77 84
person 0.85 72 15 100 55
person 0.99 73 36 111 82
person 0.4 97 0 137 22
person 0.41 98 0 137 37
person 0.75 101 12 134 54
person 1.0 106 35 149 82
person 0.51 121 -1 159 34
person 0.25 134 0 170 37
person 0.95 139 8 182 79
person 0.87 164 3 195 44
person 0.69 189 -2 233 62
person 0.99 202 123 325 298
person 0.39 228 2 255 44
person 0.65 241 2 281 43
person 0.81 249 13 283 47
person 0.99 261 40 297 81
person 0.32 285 0 311 32
person 0.81 286 13 316 58
person 0.99 299 38 331 81
person 0.82 311 0 340 38
person 0.95 323 16 359 62
person 0.92 330 46 364 84
person 0.38 352 3 382 32
person 0.83 353 16 391 69
person 0.3 370 -1 398 19
person 1.0 375 41 419 81
person 0.79 383 -1 418 35
person 0.95 402 8 442 55
person 0.99 419 36 455 82
person 0.8 430 0 468 24
person 0.96 441 14 473 64
person 1.0 458 36 499 81
person 0.68 466 1 496 33
person 0.92 476 14 513 58
person 1.0 493 34 544 83
person 0.87 499 -2 538 33
person 0.89 527 9 570 81
person 0.68 538 3 572 35
person 0.32 542 -7 576 88
person 0.9 544 134 598 201
person 0.74 561 -5 598 69
person 0.27 582 0 614 45
person 0.57 612 69 640 134
