person 0.84 0 106 31 149
person 0.38 0 26 13 67
person 0.36 1 1 21 32
person 0.51 3 43 34 84
person 0.47 6 60 33 97
person 0.57 9 12 37 52
person 0.76 12 85 48 135
person 0.83 31 14 56 51
person 0.75 39 57 72 95
person 0.72 41 -14 395 456
person 0.36 44 2 72 35
person 0.56 67 66 89 98
person 0.4 78 90 107 118
person 0.59 81 75 108 109
person 0.45 102 81 120 111
person 0.31 115 83 137 110
person 0.31 123 120 148 147
person 0.4 137 94 166 118
person 0.48 157 83 181 111
person 0.42 161 114 194 142
person 0.49 163 19 189 54
person 0.51 176 61 197 99
person 0.72 180 93 204 125
person 0.99 187 226 289 503
person 0.54 192 33 223 70
person 0.4 203 0 231 28
person 0.53 213 73 240 115
person 0.53 228 48 253 82
person 0.27 228 19 252 51
person 0.9 235 108 262 142
person 0.42 243 6 262 36
person 0.47 249 55 270 86
person 0.32 254 89 274 124
person 0.61 262 32 287 71
person 0.26 269 65 292 100
person 0.27 281 106 314 144
person 0.8 289 82 321 123
person 0.96 291 260 338 315
person 0.93 294 208 333 254
person 0.85 294 76 319 110
person 0.75 295 232 330 279
person 0.6 313 61 340 100
person 0.36 318 0 346 35
person 0.97 325 96 371 132
person 0.93 332 241 370 278
person 0.89 334 204 365 245
person 0.92 342 170 368 208
person 0.64 346 68 368 98
person 0.87 350 27 377 60
person 0.94 353 182 384 237
person 0.65 357 85 391 123
person 0.98 362 256 416 307
person 0.75 374 160 399 199
person 0.37 381 25 408 59
person 0.3 381 -1 409 30
person 0.94 381 183 417 227
person 0.52 383 202 412 234
person 0.83 384 45 411 84
person 0.36 384 210 411 244
person 0.96 384 231 418 279
person 0.71 404 88 426 134
person 0.92 405 157 426 199
person 0.4 406 34 426 70
person 0.37 414 241 425 288
