person 0.91 -1 131 74 445
bicycle 0.26 0 282 64 466
person 0.97 65 159 124 269
traffic_light 0.52 67 4 99 57
person 0.99 67 194 117 376
person 0.32 86 197 148 351
bicycle 0.34 90 277 130 366
person 0.38 117 185 139 252
person 0.97 124 197 165 326
person 0.36 139 185 174 316
person 0.3 156 191 178 269
person 0.59 173 190 553 353
person 0.37 173 190 200 299
person 1.0 196 179 258 332
bicycle 0.75 208 258 254 359
person 0.56 248 195 386 286
person 0.27 251 189 270 230
person 0.95 268 191 294 229
person 1.0 286 184 341 284
bicycle 0.35 308 248 325 308
person 0.99 349 158 473 271
person 0.71 389 207 434 250
person 0.46 482 189 509 229
person 0.68 485 187 542 319
person 0.95 562 145 644 312
