traffic_light 0.66 78 184 97 216
person 0.29 160 341 181 403
person 1.0 255 190 297 234
person 1.0 299 165 345 223
person 0.35 321 345 332 356
person 0.52 336 344 347 356
person 0.6 342 345 354 356
person 0.28 364 346 373 355
person 0.42 365 343 377 355
person 0.41 407 340 418 349
person 0.99 423 126 488 238
person 0.46 437 339 444 349
person 0.73 448 336 459 349
person 0.37 453 336 464 348
person 0.42 468 336 477 347
person 0.75 477 334 489 347
person 1.0 490 119 618 222
person 0.71 495 334 507 346
person 0.37 507 334 516 345
person 0.44 525 328 538 344
