car 1.0 3 357 105 420
car 0.91 5 339 32 355
car 0.98 38 362 283 434
traffic_light 0.34 45 308 51 320
car 0.69 48 338 115 356
car 0.27 52 339 83 353
car 0.94 139 344 178 365
person 0.32 159 333 176 345
car 0.94 174 333 217 367
car 0.89 210 332 272 377
person 0.73 226 331 260 380
car 0.87 254 347 298 379
person 0.67 296 339 314 381
car 1.0 314 338 414 395
car 0.96 391 334 449 387
car 1.0 428 338 525 397
person 0.52 548 344 568 384
person 0.83 564 342 580 361
person 0.31 565 345 581 385
person 0.75 579 346 600 386
person 0.57 600 342 615 386
person 0.58 612 344 626 384
person 0.3 630 346 640 385
