bird 0.78 7 397 81 425
bicycle 0.33 12 86 32 115
person 0.4 12 10 632 216
bicycle 0.7 15 79 56 110
person 0.98 72 56 94 105
person 0.91 101 54 115 99
bird 0.99 112 125 174 187
person 0.88 154 54 181 101
person 0.27 164 50 560 171
person 0.98 168 68 198 120
person 0.36 189 55 202 87
person 0.92 191 64 228 124
person 1.0 194 73 259 157
bird 0.98 227 187 346 259
person 0.45 228 64 243 98
person 0.49 251 68 476 161
person 0.97 252 73 379 161
person 0.96 254 68 294 171
person 0.3 259 55 276 89
person 0.97 279 34 326 79
person 0.99 280 64 346 177
person 0.87 284 68 314 125
person 0.96 331 37 368 98
person 0.86 332 67 378 144
person 0.93 392 71 423 143
person 0.87 394 54 422 98
person 0.9 418 64 460 144
person 0.8 420 69 436 104
person 0.53 441 67 468 114
person 0.72 452 65 472 104
person 0.96 480 64 524 108
person 0.3 519 68 546 113
person 0.81 583 56 618 98
