person 0.26 0 3 13 62
person 0.8 21 320 45 378
person 0.99 24 68 595 412
person 0.42 43 0 61 21
person 0.41 63 0 79 22
person 0.98 66 221 115 290
person 0.73 73 33 92 66
person 0.44 85 57 101 86
person 0.33 91 34 109 66
person 0.48 100 62 117 89
person 0.68 107 5 123 37
person 0.5 117 32 134 58
person 0.29 124 8 141 36
person 0.77 130 67 149 93
person 0.34 136 36 151 64
person 0.66 147 61 165 92
person 0.6 170 90 188 111
person 0.55 181 48 194 76
person 0.65 195 50 213 77
person 0.71 197 32 218 57
person 0.98 203 202 242 284
person 0.75 212 50 228 76
person 0.85 223 19 240 49
person 0.91 231 86 249 109
person 0.7 237 47 253 76
person 0.75 239 18 255 48
person 0.36 251 45 267 73
person 0.91 257 86 273 110
person 0.39 266 44 279 74
person 0.39 278 45 294 76
person 0.47 297 62 313 90
person 0.76 301 87 319 109
person 0.26 315 60 331 95
person 0.37 315 58 330 82
person 0.32 340 451 414 477
person 0.35 417 80 435 109
person 0.98 450 160 497 204
person 0.65 463 90 479 112
person 0.35 483 441 526 476
person 0.51 487 64 504 95
person 0.31 505 437 538 479
person 0.55 508 388 557 431
person 0.31 509 13 526 38
person 0.72 522 38 540 64
person 0.82 530 441 577 476
person 0.89 548 36 572 66
person 0.48 579 429 608 470
person 0.38 602 416 640 460
