person 0.77 -15 116 645 318
person 0.95 1 170 54 252
person 0.88 22 138 49 195
person 0.88 28 235 243 430
person 1.0 34 193 100 315
person 0.42 39 174 73 212
person 0.81 58 138 80 196
person 0.29 82 143 103 198
person 0.47 88 164 113 213
person 0.87 142 185 172 234
person 0.82 200 226 273 404
person 0.71 215 176 231 209
person 0.31 232 155 392 283
person 0.96 236 161 289 350
person 0.99 289 143 334 303
person 0.99 331 166 363 284
person 0.76 348 145 379 269
person 0.72 355 183 391 289
person 0.98 381 136 421 284
person 1.0 408 214 447 306
person 0.99 439 168 475 285
person 0.9 477 184 517 275
person 0.95 518 175 548 246
person 0.74 564 141 580 197
person 0.68 570 140 593 199
person 0.99 577 143 634 261
person 0.67 579 143 597 195
