person 0.85 0 48 26 102
person 0.88 20 31 63 89
person 0.97 49 1 130 210
person 0.98 60 304 204 420
person 0.99 117 -4 193 212
person 0.99 149 179 227 337
person 0.78 159 208 218 302
person 0.99 206 69 280 204
person 0.99 206 16 259 105
person 0.98 243 0 281 74
person 1.0 247 138 308 236
person 0.89 273 10 310 103
person 1.0 291 291 414 422
person 1.0 298 98 358 185
person 0.87 314 -4 364 91
person 1.0 327 20 391 122
person 0.92 333 99 384 155
person 0.68 360 0 402 46
person 0.43 380 27 413 126
person 1.0 422 4 467 98
person 0.96 427 151 496 266
person 0.99 439 226 540 369
person 0.93 451 47 490 128
person 0.98 475 84 527 166
person 0.99 489 71 608 239
person 1.0 507 97 584 211
person 0.79 525 40 593 105
person 0.58 571 57 635 166
person 0.37 586 86 638 354
