person 0.49 -1 33 20 71
person 0.71 30 44 62 113
person 0.99 169 180 217 314
person 0.99 202 177 254 313
person 0.3 219 51 250 111
person 0.97 234 51 264 112
person 0.97 247 179 287 276
person 0.97 260 184 308 325
person 1.0 296 182 335 311
person 0.95 312 69 337 122
person 0.43 315 38 335 77
person 0.77 321 59 346 119
person 0.5 331 46 350 117
person 0.96 353 42 377 120
person 0.97 371 41 404 122
person 0.61 380 25 399 53
person 1.0 382 196 434 307
person 0.98 410 73 436 123
person 0.31 439 54 465 120
person 0.39 476 54 499 117
person 0.55 515 56 541 115
person 0.64 543 52 570 117
person 0.62 570 51 598 115
