person 0.31 -1 143 13 185
person 0.82 1 163 35 203
person 0.59 2 87 30 130
person 0.6 6 50 30 87
person 0.57 15 111 47 153
person 0.75 20 156 41 199
person 0.74 22 59 54 105
person 0.62 27 89 54 128
person 0.69 36 23 592 315
person 0.97 37 156 68 200
person 0.73 48 56 76 112
person 0.49 49 111 77 142
person 0.6 50 38 76 69
person 0.92 67 141 100 183
person 0.68 76 36 102 81
person 0.95 120 158 147 195
person 0.96 149 157 179 202
person 0.43 153 32 181 75
person 0.47 186 26 214 77
person 1.0 211 162 295 315
person 0.59 225 146 250 198
person 0.99 294 162 362 315
person 0.57 346 12 371 45
person 0.32 347 112 371 154
person 0.9 371 106 397 146
person 0.27 372 13 392 45
person 0.41 395 96 429 140
person 0.89 396 127 421 166
person 0.88 418 126 449 166
person 0.28 433 24 457 59
person 0.38 443 104 471 146
person 0.94 443 172 472 204
person 0.31 457 48 484 86
person 0.74 468 173 508 202
person 0.7 506 175 530 203
person 0.55 524 173 562 202
person 0.86 562 175 587 203
person 0.77 589 176 621 204
person 0.67 619 71 641 117
