person 0.68 -118 124 587 402
person 0.82 1 378 28 440
person 0.71 3 55 30 134
person 0.38 47 64 61 129
person 0.78 51 148 417 379
person 0.61 73 437 103 484
person 0.42 74 115 100 172
person 0.4 105 367 126 436
person 0.54 179 404 204 436
person 0.98 183 97 209 159
person 0.98 191 125 250 326
bicycle 0.45 241 385 274 409
bicycle 0.42 242 70 273 96
bicycle 0.78 260 381 286 412
bicycle 0.77 261 66 285 97
person 0.98 276 178 380 321
bicycle 0.39 320 383 348 409
bicycle 0.77 326 63 353 98
bicycle 0.6 326 379 354 412
person 0.42 349 56 372 110
person 0.3 350 371 372 423
person 1.0 355 496 417 616
person 0.89 373 358 400 426
person 0.88 374 45 397 109
person 0.42 415 348 436 413
person 0.78 415 35 435 99
person 0.66 453 22 474 103
person 0.48 453 341 476 425
