person 0.94 -33 -121 663 592
person 0.98 -1 396 106 479
person 0.96 56 195 75 245
person 0.37 81 434 102 462
person 0.99 93 428 189 480
person 0.36 147 403 184 438
person 0.32 180 409 233 450
person 0.94 180 413 327 482
person 0.81 189 375 235 415
person 0.8 248 378 272 405
person 0.96 283 418 341 481
person 0.49 301 373 330 398
person 0.99 306 257 361 331
person 0.97 329 370 381 472
person 1.0 343 367 425 488
person 0.59 352 360 377 377
person 1.0 399 277 442 335
person 1.0 425 374 480 428
person 1.0 436 238 484 339
person 0.71 517 254 638 471
