person 0.63 -1 86 12 140
person 0.82 -1 2 13 54
person 0.31 4 91 54 175
person 0.99 14 188 149 333
person 0.98 23 79 59 133
person 0.86 25 49 49 81
person 0.78 27 -26 471 321
person 0.91 46 59 75 85
person 0.55 48 -1 57 24
person 0.99 51 93 112 186
person 0.93 54 144 92 181
person 0.37 60 78 86 123
person 0.99 63 102 98 170
person 0.8 73 5 94 49
person 0.53 82 1 99 47
person 0.97 84 35 116 81
person 0.63 90 48 118 89
person 0.85 94 0 116 47
person 0.99 111 158 202 340
person 0.94 112 48 146 127
person 0.31 141 139 214 257
person 0.99 144 19 168 68
person 0.3 174 1 192 42
person 0.4 177 59 203 159
person 0.65 189 0 205 44
person 0.98 200 182 321 339
person 0.95 204 144 253 280
person 0.99 256 114 339 241
person 0.6 329 113 451 332
person 0.98 332 76 368 186
car 0.37 356 0 384 13
person 0.99 374 187 466 339
person 0.78 380 15 407 46
person 0.64 449 0 459 28
person 0.94 456 104 497 316
person 0.89 466 11 493 44
