person 0.5 0 96 24 182
person 0.94 3 147 50 264
person 0.32 8 -3 618 258
person 0.99 9 204 136 419
person 0.98 14 -9 621 489
person 0.31 211 461 356 478
person 0.84 215 43 246 75
person 0.98 234 103 288 250
person 0.74 275 98 309 167
person 0.51 279 106 316 245
person 0.66 287 78 306 104
car 0.74 300 81 476 119
person 0.99 341 107 412 238
person 0.87 387 77 416 120
person 0.99 415 89 462 182
car 0.87 425 77 544 117
person 0.92 463 128 517 258
person 0.66 484 122 540 255
person 0.99 509 100 567 260
person 0.45 556 95 595 244
person 0.65 565 77 620 268
person 0.93 610 90 642 259
