person 0.89 5 147 50 285
car 0.91 46 174 202 262
person 0.44 46 174 202 262
traffic_light 0.41 81 68 549 151
traffic_light 0.77 86 74 340 198
person 0.74 92 22 324 256
person 0.96 104 151 167 285
traffic_light 0.72 113 73 125 95
car 0.53 120 188 230 283
person 0.97 163 176 218 290
car 0.27 164 176 217 290
person 0.98 229 185 246 219
person 0.97 255 181 271 223
car 0.43 274 154 440 268
car 0.96 301 179 408 247
person 0.97 368 148 405 283
person 0.93 394 146 424 288
person 0.99 440 142 486 292
traffic_light 0.43 460 66 496 102
person 1.0 490 140 555 308
traffic_light 0.95 503 67 543 101
car 0.83 544 185 576 210
traffic_light 0.73 560 164 565 173
car 0.93 577 191 599 214
car 0.71 599 191 613 209
car 0.69 616 189 634 213
person 0.35 620 179 641 302
car 0.39 628 188 639 214
