person 0.46 -126 69 759 364
person 0.26 -1 220 9 313
person 0.99 46 222 88 349
person 0.8 55 130 576 343
person 0.94 81 216 122 347
person 1.0 157 220 206 351
person 0.3 197 204 252 364
person 0.97 243 192 282 354
person 0.83 274 116 313 240
person 0.98 283 204 325 363
person 0.75 316 107 357 270
person 0.98 338 205 378 347
person 0.93 379 215 422 367
person 0.74 414 199 443 345
person 0.97 427 191 466 356
person 0.99 445 130 495 274
person 0.56 454 187 477 281
person 0.98 483 206 524 359
person 0.52 574 227 585 269
person 0.55 585 228 599 268
person 0.73 619 215 641 366
