person 0.99 -10 161 216 414
person 0.86 5 161 68 229
person 0.99 46 101 122 174
person 0.32 80 58 561 236
person 0.94 117 104 173 181
bicycle 1.0 157 141 251 231
person 0.92 169 90 221 184
person 0.85 216 98 238 150
person 0.96 222 98 258 168
person 0.96 249 94 314 169
person 0.95 252 114 312 317
dog 0.55 271 180 482 274
person 0.84 294 90 546 437
person 0.3 303 104 327 167
dog 0.99 315 181 420 264
person 0.8 323 103 352 168
person 0.53 336 99 365 173
person 0.91 348 104 394 179
dog 0.57 377 132 487 272
person 0.35 458 98 567 199
person 0.99 500 103 550 197
car 0.9 540 103 621 204
person 0.98 557 90 615 237
