person 0.95 -192 72 836 163
car 0.92 75 84 141 101
person 0.3 90 88 119 119
person 0.68 95 84 545 184
person 0.3 140 89 151 117
person 0.48 156 140 171 161
person 0.81 174 121 190 162
person 0.84 201 122 216 162
truck 0.99 218 81 318 125
person 0.87 222 121 234 154
person 0.37 244 142 256 164
person 0.32 258 143 274 165
person 0.94 258 120 272 150
person 0.94 278 118 294 153
person 0.44 279 139 294 166
person 0.53 291 137 303 165
truck 0.57 317 88 360 111
person 0.99 317 157 436 311
car 0.71 319 89 359 107
car 0.99 329 107 431 132
person 0.99 421 184 508 307
truck 0.89 489 101 568 130
car 0.51 492 98 570 129
truck 0.45 515 105 549 130
person 0.98 519 126 623 275
