car 0.77 -1 196 15 211
car 0.38 4 189 28 201
car 0.28 7 193 27 207
car 0.38 19 189 43 204
car 0.72 32 192 54 206
car 0.46 43 189 63 206
person 0.99 57 210 105 300
car 0.28 61 190 78 205
car 0.51 67 191 89 204
car 0.55 94 191 111 203
person 0.99 110 167 153 214
person 1.0 223 102 304 211
car 0.57 230 112 295 196
car 0.96 476 188 581 252
truck 0.79 489 188 579 236
car 0.32 494 191 574 234
car 0.71 566 187 583 205
car 0.41 566 180 602 194
person 0.49 570 192 582 208
car 0.68 573 185 595 201
car 0.66 586 187 607 200
car 0.35 601 186 616 197
car 0.34 614 181 636 194
car 0.48 618 192 641 208
