person 0.98 -5 6 493 371
person 0.97 -4 272 129 370
person 0.6 1 269 42 375
person 0.61 23 -19 470 167
person 0.94 56 114 76 150
person 0.94 74 142 115 219
person 0.26 109 142 136 193
person 0.93 124 281 292 366
person 0.97 264 275 342 375
person 0.51 275 293 363 364
person 0.43 307 294 370 374
person 0.7 308 334 363 376
person 0.98 332 299 376 367
person 0.48 332 292 353 317
person 0.93 355 110 370 140
person 0.96 355 300 439 369
person 1.0 406 110 431 160
person 0.89 416 301 454 372
person 0.97 435 287 506 367
