person 0.53 -50 172 680 300
person 0.74 -1 194 16 295
person 0.41 67 237 84 282
person 0.86 79 231 107 285
person 0.54 94 235 118 281
person 0.77 157 236 171 270
person 0.69 166 232 185 272
person 0.79 185 227 198 269
person 0.41 196 228 207 268
person 0.89 206 230 219 266
person 0.51 226 231 237 261
person 0.77 238 226 249 261
bicycle 1.0 251 274 314 331
person 1.0 254 229 303 315
person 0.26 311 224 324 264
person 0.47 327 222 340 267
person 1.0 342 186 417 356
person 0.64 419 230 435 267
person 0.46 624 224 639 271
