person 0.86 2 146 32 197
person 0.26 2 268 60 414
person 0.68 3 95 32 131
person 0.41 8 263 32 290
person 0.47 8 124 32 157
person 0.3 9 60 34 88
person 0.73 15 263 57 313
person 0.81 32 96 58 135
person 0.86 32 125 61 162
person 0.67 39 47 63 75
person 0.27 39 153 65 202
person 0.96 42 254 79 293
person 0.36 54 75 78 112
person 0.52 55 -12 584 428
person 0.87 62 100 93 139
person 0.39 64 77 92 108
person 0.35 66 83 94 116
person 0.89 70 237 106 280
person 0.79 90 154 116 194
person 0.61 93 100 118 133
person 0.79 98 185 133 231
person 0.91 114 26 144 59
person 0.59 117 74 149 108
person 0.73 120 116 149 150
person 0.74 121 149 149 192
person 0.51 131 179 161 208
person 0.94 144 27 169 58
person 0.92 153 150 180 197
person 0.98 154 278 205 312
person 0.37 159 108 180 146
person 0.4 166 14 194 59
person 0.27 167 157 455 439
person 0.66 176 131 203 160
person 0.64 183 152 208 202
person 0.62 203 139 225 167
person 0.96 223 189 389 392
person 0.98 236 158 266 212
person 0.47 262 61 296 99
person 0.34 319 11 338 45
person 0.34 329 58 348 113
person 0.65 330 50 351 96
person 0.96 336 78 371 134
person 0.7 342 13 367 48
person 0.9 367 97 404 149
person 0.31 383 4 411 36
person 0.26 384 144 412 207
person 0.76 399 145 428 198
person 0.3 408 142 432 191
person 0.62 411 148 447 205
person 0.73 416 74 447 117
person 0.94 421 154 462 212
person 0.35 450 98 469 129
person 0.85 469 93 500 130
person 0.6 477 38 499 78
person 0.96 483 218 513 246
person 0.26 509 59 529 87
person 0.88 524 149 563 202
person 0.98 548 262 594 370
person 0.97 557 54 583 87
person 0.55 561 160 592 207
person 0.61 597 54 625 89
person 0.4 599 147 639 206
