person 0.89 21 335 35 373
person 0.38 61 327 580 369
person 0.31 79 340 88 360
person 0.92 86 334 103 371
person 0.92 129 333 144 369
traffic_light 0.27 157 285 166 318
person 0.41 185 340 193 358
person 0.34 210 339 219 358
person 0.73 219 338 230 361
person 0.84 234 338 244 363
person 0.9 247 337 259 363
person 0.7 264 337 273 363
person 0.64 268 337 278 363
person 0.83 285 337 296 364
person 0.46 300 339 310 364
person 0.85 304 338 317 365
traffic_light 0.56 307 308 314 325
bicycle 0.94 379 354 453 429
person 0.99 391 323 438 407
person 0.34 440 336 451 358
person 0.72 491 336 506 361
truck 0.93 528 318 573 356
truck 1.0 558 306 638 359
