person 0.35 70 224 595 396
person 0.69 83 257 102 275
person 0.97 100 214 150 283
person 0.99 178 270 221 381
person 0.74 224 272 266 384
person 0.29 227 269 255 356
person 0.97 245 253 290 340
person 0.93 276 315 318 384
person 0.94 290 271 327 326
person 0.98 318 309 375 365
person 0.64 328 286 367 325
person 0.99 338 347 388 424
person 0.99 370 297 421 353
person 1.0 398 331 459 416
person 0.96 399 254 423 290
person 0.99 420 284 474 340
person 0.47 424 245 445 284
person 0.48 462 312 502 358
person 0.99 502 302 548 354
person 0.89 530 282 558 324
person 0.71 545 268 577 315
person 0.95 570 287 616 326
person 0.66 582 257 613 294
person 0.35 605 279 627 314
