person 0.96 -1 35 20 89
person 0.97 1 135 64 297
person 0.65 8 1 45 60
person 0.95 18 32 74 83
person 0.8 43 -12 577 381
person 0.99 48 126 122 293
person 0.96 72 1 131 76
person 0.85 73 38 120 88
person 0.99 109 137 179 299
person 0.99 124 41 164 84
person 0.85 136 -1 193 60
person 0.47 184 -1 218 30
person 0.73 186 33 242 84
person 0.89 203 7 254 82
person 0.9 233 0 288 72
person 0.52 241 79 394 328
person 0.99 243 38 294 88
person 0.29 269 2 310 26
person 0.99 281 -2 340 83
person 0.98 286 102 363 308
person 0.99 317 4 392 79
person 0.27 332 2 384 21
person 0.41 336 23 588 385
person 0.99 378 -1 437 60
person 0.94 422 30 473 80
person 0.92 425 1 495 44
person 0.99 446 205 503 303
person 0.96 496 201 550 278
person 0.99 500 192 594 305
person 0.97 516 -2 586 74
person 0.7 564 0 630 44
person 0.96 574 209 614 306
person 0.78 577 32 630 83
person 0.46 597 200 638 370
person 0.28 608 161 641 314
