person 0.28 76 195 87 208
person 0.27 83 195 95 207
person 0.27 98 197 109 209
person 0.29 111 196 121 209
truck 0.6 198 170 276 190
person 0.91 209 186 223 224
person 0.26 236 191 245 206
person 0.43 249 190 258 206
person 0.33 259 190 268 205
person 0.29 271 191 280 205
truck 0.85 295 163 325 184
truck 0.32 318 159 336 187
truck 1.0 331 168 471 193
car 0.86 430 185 466 204
person 0.34 494 185 502 200
person 0.35 510 168 596 222
person 0.29 519 185 528 201
person 0.99 527 179 574 257
person 0.27 567 182 578 197
person 0.44 583 184 592 197
person 0.35 594 185 604 199
person 0.4 607 185 616 197
person 0.3 616 184 627 196
