person 0.88 14 37 73 176
person 0.26 17 266 119 445
person 0.96 39 58 140 148
person 0.83 51 130 154 338
person 0.96 86 266 191 445
person 1.0 128 103 182 236
person 0.98 175 28 243 185
person 0.97 193 66 261 172
person 0.77 197 51 287 214
person 0.99 217 89 288 179
person 1.0 222 119 330 281
person 1.0 222 248 343 463
person 0.99 295 53 353 135
person 0.98 357 82 518 476
person 0.99 422 30 470 94
person 0.99 436 42 507 158
bicycle 0.89 498 160 549 260
person 0.94 532 26 627 316
person 0.43 576 -2 640 500
