person 0.25 -1 185 20 240
person 0.34 1 243 28 311
person 0.72 18 182 51 230
person 0.27 20 118 38 146
person 0.8 21 240 74 318
person 0.87 26 -7 612 386
person 0.46 35 147 57 175
person 0.52 54 182 88 230
person 0.36 55 228 84 275
person 0.63 66 86 95 136
person 0.93 88 180 134 247
person 0.36 88 135 112 174
person 0.36 90 61 117 101
person 0.92 95 83 128 138
person 0.34 98 146 134 192
person 0.89 104 229 161 314
person 0.29 112 119 139 145
person 0.58 123 181 150 219
person 0.3 128 136 146 162
person 0.46 132 89 159 136
person 0.89 136 145 176 192
person 0.83 146 222 174 268
person 0.88 155 227 207 315
person 0.98 173 137 223 203
person 0.58 193 93 222 135
person 0.96 207 227 265 317
person 0.68 211 136 237 170
person 0.29 212 81 241 119
person 0.94 230 141 268 196
person 0.54 233 82 266 121
person 0.99 255 167 302 229
person 0.95 258 234 303 297
person 0.69 263 81 293 122
person 0.25 264 133 292 188
person 1.0 281 241 341 323
person 0.58 292 57 325 106
person 0.48 293 136 324 184
person 0.87 293 82 327 132
person 0.97 296 166 337 246
person 0.39 315 212 348 260
person 0.47 320 113 340 139
person 0.42 322 80 357 135
person 0.88 323 130 348 182
person 0.97 328 239 392 330
person 0.93 333 135 387 201
person 1.0 335 174 378 232
person 0.43 349 120 371 143
person 0.82 352 82 389 131
person 0.99 363 229 397 288
person 0.7 368 188 406 237
person 0.82 371 127 399 196
person 0.68 382 79 410 122
person 0.83 385 133 446 203
person 0.38 387 116 406 158
person 0.81 390 232 436 332
person 0.31 392 51 421 94
person 1.0 397 239 468 337
person 0.48 400 168 438 232
person 0.38 404 83 439 131
person 0.73 415 213 443 249
person 0.4 417 128 436 153
person 0.88 419 48 455 107
person 0.96 436 174 465 229
person 0.71 437 134 468 184
person 0.31 441 133 461 165
person 0.38 449 239 475 282
person 0.97 453 196 491 239
person 0.97 455 240 523 339
person 0.58 457 53 487 104
person 0.59 461 139 496 186
person 0.29 482 118 505 148
person 0.68 483 218 513 248
person 0.84 488 55 520 109
person 0.68 488 125 512 160
person 0.29 488 140 509 166
person 0.81 504 90 538 138
person 0.9 507 135 553 200
person 0.52 508 244 559 333
person 0.81 512 173 548 224
person 0.82 517 52 553 107
person 0.42 539 85 566 130
person 0.58 541 130 567 165
person 0.71 542 213 567 242
person 0.91 545 169 589 225
person 0.26 570 85 605 128
person 0.5 576 244 636 322
person 0.56 580 225 613 272
person 0.95 582 171 632 242
person 0.85 586 57 625 108
person 0.28 607 91 631 130
person 0.77 612 145 641 200
