person 0.58 -46 -9 535 307
person 0.75 4 128 41 281
person 0.42 47 138 80 286
person 0.96 63 34 111 135
person 0.99 75 200 133 286
person 0.99 100 87 146 150
person 0.8 113 129 144 227
person 0.72 115 35 159 114
person 0.93 139 198 213 293
person 0.56 147 88 187 155
person 0.6 149 128 183 236
person 0.98 151 212 196 279
person 0.97 182 117 223 201
person 0.54 189 84 228 141
person 0.99 208 196 266 286
person 0.98 218 129 257 209
person 0.54 228 70 278 146
person 0.52 252 122 291 237
person 0.31 260 19 307 110
person 0.99 263 196 329 285
person 0.44 284 124 326 194
person 0.57 284 82 320 138
person 0.93 319 130 364 201
person 0.96 322 87 363 149
person 1.0 328 198 387 282
person 0.27 357 129 398 234
person 0.99 391 194 448 286
person 0.98 395 131 434 214
person 0.92 434 128 475 253
person 0.28 448 94 489 173
