person 0.72 3 134 59 311
person 0.87 7 269 77 424
person 0.58 31 -84 594 503
person 0.32 51 58 90 119
person 0.95 53 237 152 430
person 0.41 82 89 127 148
person 0.99 84 117 130 235
person 0.65 89 65 123 110
person 0.99 102 123 201 315
person 0.99 119 141 180 284
person 0.96 146 278 257 411
person 0.39 162 67 201 250
person 0.32 187 47 220 294
person 0.49 188 47 222 105
person 0.4 207 63 241 121
person 0.98 211 159 302 345
person 0.75 220 68 264 241
person 0.5 236 60 270 120
person 0.42 237 66 273 149
person 0.94 240 261 359 434
person 1.0 260 283 336 404
person 0.99 270 43 329 239
person 0.58 271 19 303 72
person 0.54 301 27 349 126
person 0.28 302 21 333 85
person 0.99 312 173 391 258
person 0.98 328 300 438 422
person 0.79 330 218 385 349
person 0.99 346 74 399 167
person 0.36 346 51 377 121
person 0.94 354 121 414 230
person 0.95 376 222 484 398
person 0.86 382 58 418 166
person 0.97 416 59 455 195
person 0.99 418 163 475 289
person 0.32 449 51 489 154
person 0.26 457 50 485 100
person 0.67 459 139 512 309
person 0.36 472 136 524 409
person 0.91 476 227 622 439
person 0.94 482 53 523 149
person 0.99 506 106 569 197
person 0.67 517 49 547 107
person 0.76 521 187 602 334
person 0.8 540 41 572 117
person 0.51 561 33 596 114
person 0.75 562 28 597 82
person 0.84 578 32 627 180
person 0.73 591 94 634 323
person 0.28 591 77 641 205
person 0.28 617 41 640 109
