bicycle 367 361 462 428
person 306 336 317 362
person 249 336 257 363
person 238 337 244 362
person 394 316 436 419
person 449 337 459 349
person 151 337 158 356
person 184 342 193 357
truck 560 306 640 362
truck 535 320 573 358
traffic_light 158 290 167 321
traffic_light 305 312 318 327
person 127 334 136 368
person 86 337 103 370
traffic_light 319 316 324 325
traffic_light 213 313 225 326
person 254 336 262 362
person 133 336 153 368
person 442 339 448 359
person 278 336 286 364
person 22 334 541 374
