car 263 185 442 250
car 1 176 276 278
traffic_light 599 153 603 162
traffic_light 579 175 583 180
traffic_light 561 168 564 171
traffic_light 115 73 128 94
traffic_light 553 163 559 172
traffic_light 619 179 621 183
person 107 13 305 258
person 364 146 399 282
person 390 153 424 283
person 442 151 487 284
person 487 126 558 311
person 113 152 161 285
person 230 187 249 218
person 173 186 213 279
person 256 182 273 222
car 543 183 579 211
car 577 191 600 214
car 599 195 613 208
traffic_light 624 179 628 187
traffic_light 613 183 619 188
person 11 150 43 285
traffic_light 540 152 545 158
traffic_light 597 164 601 173
traffic_light 505 68 540 99
car 618 194 638 212
traffic_light 581 182 586 186
traffic_light 103 69 567 172
