car 315 337 416 393
car 429 341 523 398
car 392 335 450 389
car 38 366 267 438
car 1 348 114 437
car 256 345 300 382
car 3 339 40 357
person 604 345 614 368
person 584 347 601 386
person 548 347 570 374
person 614 343 628 385
person 525 345 535 362
person 520 347 529 362
person 298 342 315 381
person 118 338 130 365
traffic_light 47 310 52 321
person 462 330 467 337
person 548 344 559 359
person 565 343 584 362
traffic_light 15 304 23 311
car 139 344 179 366
car 209 331 276 378
car 178 334 217 367
traffic_light 42 324 45 336
traffic_light 53 321 59 329
person 581 346 591 362
car 43 340 85 353
person 234 333 256 379
person 128 337 141 364
