bicycle 88 359 130 462
car 321 293 447 402
car 517 302 547 321
car 461 303 510 349
car 368 281 454 359
car 159 265 324 418
person 78 227 156 434
person 506 306 520 343
traffic_light 390 253 402 271
traffic_light 339 193 346 210
traffic_light 325 246 335 266
person 568 299 584 322
traffic_light 525 269 529 273
person 162 257 189 325
traffic_light 308 238 321 268
traffic_light 513 267 519 275
traffic_light 582 277 587 288
person 592 301 598 321
person 6 287 36 363
bicycle 547 305 553 315
car 601 298 634 317
traffic_light 493 288 497 297
car 552 274 568 285
car 536 280 549 295
car 545 285 558 300
truck 158 265 324 414
truck 462 303 511 348
