car 148 355 175 373
car 212 359 222 367
car 376 356 390 368
car 102 352 136 374
car 578 337 640 382
car 224 358 234 366
car 140 358 152 372
truck 456 342 508 377
truck 337 346 367 372
truck 29 340 92 378
truck 173 354 190 369
truck 313 354 328 366
truck 577 337 640 383
truck 101 351 136 374
traffic_light 292 201 306 230
traffic_light 270 189 282 225
traffic_light 293 230 301 251
traffic_light 355 212 363 240
traffic_light 365 214 377 242
traffic_light 444 228 454 257
traffic_light 477 241 488 266
traffic_light 510 252 521 272
traffic_light 205 211 216 237
traffic_light 51 187 69 221
traffic_light 70 188 83 218
car 242 359 254 367
car 233 359 239 365
traffic_light 252 344 314 357
